-5.9203,-5.6208,-4.8953,-4.7454,-5.8328,-6.0236
-6.0458,-5.6839,-5.1513,-5.273,-6.025,-6.3661
-6.0243,-5.718,-5.1607,-5.1272,-4.8028,-6.1854
-5.9328,-5.5794,-5.2093,-5.0316,-4.2134,-5.6741
-5.8861,-5.7268,-5.3134,-5.4737,-5.6727,-6.497
-5.8506,-5.6123,-5.3918,-5.4029,-5.0001,-5.847
-5.7613,-5.8838,-5.3551,-5.0952,-4.9633,-5.9957
-6.3068,-5.758,-5.4112,-5.3987,-5.3989,-6.2121
-5.8129,-5.6641,-5.3469,-5.5733,-5.5905,-6.0887
-6.2031,-5.8284,-5.662,-5.5234,-5.6258,-6.2288
-6.0718,-5.6732,-5.5244,-5.1082,-4.4536,-5.6871
-5.8538,-5.7986,-5.1256,-5.4527,-5.3013,-6.0678
-5.89,-5.6796,-5.7612,-5.396,-5.0889,-5.6434
-5.9585,-5.9328,-5.7098,-5.3985,-5.8121,-6.3314
-6.2286,-5.5145,-5.9209,-5.0563,-5.7884,-5.6871
-6.4276,-5.8986,-5.8535,-5.4006,-5.7703,-5.7561
-5.42,-5.7213,-5.9045,-5.3,-4.7302,-5.5494
-5.7022,-5.4529,-5.8915,-5.5782,-5.4554,-5.7097
-5.8937,-5.3974,-5.6506,-5.3537,-5.437,-5.6595
-5.7951,-5.445,-5.6793,-4.8622,-4.6972,-5.2596
-5.6982,-5.5338,-5.9487,-5.2516,-5.5375,-5.6324
-6.0968,-5.7054,-5.5898,-4.9844,-5.1895,-5.327
-4.2348,-4.6789,-5.7533,-5.1153,-4.3377,-5.0889
-5.4399,-5.3849,-5.6706,-3.4118,-3.5844,-1.4139
-6.0107,-5.4912,-5.6981,-5.5133,-6.0167,-6.4871
-5.6276,-5.546,-5.786,-5.5416,-5.5758,-5.8752
-5.7689,-5.9056,-5.5746,-5.6449,-5.2716,-5.6731
-5.9998,-5.8812,-5.4357,-5.4838,-5.356,-5.6165
-5.304,-5.4036,-5.6141,-5.5628,-5.8072,-5.6451
-4.8232,-5.232,-5.6578,-5.2646,-5.8843,-5.7445
-5.82,-5.8406,-4.7476,-5.1055,-5.8713,-5.8334
-5.7279,-5.7955,-5.5343,-5.1783,-4.9637,-5.8357
-5.6586,-5.4238,-4.917,-4.8622,-4.0585,-5.6479
-5.7089,-5.5764,-4.985,-4.8879,-4.174,-5.31
-5.9473,-5.8746,-4.9119,-5.0329,-5.6165,-5.9175
-5.8142,-5.861,-5.0909,-4.9942,-4.6322,-5.6286
-5.9508,-5.8342,-5.148,-5.3827,-6.1845,-6.4811
-5.9357,-5.6903,-5.0691,-4.9747,-4.3731,-5.6792
-6.0416,-6.0463,-5.0737,-4.9778,-4.6195,-5.7731
-5.8922,-5.4262,-5.1748,-4.5875,-5.8271,-4.2912
-6.0259,-5.7249,-5.1518,-4.7634,-6.1183,-4.8149
-5.788,-5.5855,-5.1036,-5.1082,-4.6708,-6.0207
-6.112,-5.478,-4.868,-5.195,-5.7966,-6.2836
-5.6447,-5.7076,-5.0456,-4.8554,-4.9947,-5.644
-5.9996,-5.3402,-5.0546,-5.1635,-4.7521,-4.618
-6.2709,-5.7491,-5.8029,-5.3514,-6.0931,-6.4537
-6.1169,-5.7124,-5.7085,-4.9821,-5.6432,-6.1961
-5.8718,-5.3817,-5.5203,-5.7948,-4.752,-5.9254
-5.6309,-5.497,-5.6663,-5.4662,-4.8597,-5.8727
-5.2925,-5.3229,-5.3735,-5.7103,-5.5323,-6.1662
-5.595,-5.6613,-5.4994,-5.7546,-5.0247,-6.0993
-5.7615,-5.9776,-5.7577,-5.3094,-4.8395,-6.141
-5.9124,-5.673,-5.6262,-5.3266,-5.9621,-6.5393
-5.8489,-5.7287,-5.6203,-5.3873,-5.7727,-6.2511
-5.8625,-5.7802,-5.313,-5.4478,-5.9106,-6.3796
-5.2229,-5.2379,-5.8016,-5.5275,-5.3198,-6.2762
-5.6243,-5.3626,-5.6063,-5.8873,-5.6348,-6.4791
-5.8501,-5.5861,-5.7768,-5.8428,-6.1071,-6.1496
-6.2057,-5.8628,-5.628,-5.7368,-5.4457,-6.2443
-5.2059,-5.3909,-5.6139,-5.6122,-4.2565,-5.4956
