-0.43548,0.19036,-0.6201,-0.36089,0.13388,0.21734
-1.9291,-6.1477,1.7975,1.3398,2.9612,3.4833
-2.6899,-2.9822,0.23294,-1.4577,0.70423,-0.409
-1.0123,-0.28812,2.814,0.183,0.41005,-0.15784
0.095997,-0.70281,1.7833,0.51066,-0.19937,-0.088562
0.37465,-1.8807,1.0777,-1.2361,-0.16524,-0.16774
-4.9324,23.718,-3.152,2.6349,1.1574,1.9347
12.971,2.5632,-0.31445,-0.97843,-0.1139,-1.248
1.8626,0.24384,1.0255,0.35265,0.050642,-0.03582
-2.251,-5.8873,-0.34423,-1.0211,-0.66637,0.025602
2.933,-2.1985,2.9952,0.63982,-1.3086,0.33057
-1.695,-0.38266,-3.6923,2.1433,-1.2776,0.59077
-0.53528,1.3615,1.5115,-1.6612,-0.10809,-0.57699
-1.4633,0.46802,-3.3034,0.68051,0.21537,-0.076681
0.037486,0.80129,-1.3792,0.58329,-0.97998,-0.068214
-0.21871,-0.84027,3.9768,0.71783,1.7793,0.47011
0.33614,0.64698,0.20006,-0.94704,-2.2747,0.059836
0.50227,0.28494,0.52397,1.4138,-1.1797,0.44847
-0.21788,0.44083,3.2901,-0.15429,0.75418,-1.0285
-0.073159,-0.62596,-1.0392,2.0713,-0.32298,-0.10693
-0.96861,0.088502,-0.92942,-0.84089,3.8116,-0.017349
-1.5124,-0.3203,3.3327,-1.2823,5.8661,1.5341
-2.4637,-6.9657,-5.1571,3.9727,2.8768,4.1321
0.36525,1.4442,-2.4476,-2.4679,6.7922,-7.2318
-0.011138,-0.0059873,0.12658,0.84935,-0.70454,1.7021
0.16059,-0.63156,-0.86072,-0.60558,-0.42971,0.79262
0.31869,-0.063858,-0.59777,-9.9383,-1.6322,9.0925
2.2357,-2.8137,3.5586,-2.6443,-17.944,-10.31
0.23559,0.282,0.17634,-0.24967,1.694,-0.40512
-0.095001,0.38653,-0.40759,9.0002,-0.52933,-2.3307
0.32491,-0.32876,-1.2145,-1.2064,0.57315,-0.75684
