-4.6479,-4.6397,-5.1551,-5.3014,-5.7746,-5.6949
-4.5423,-4.6941,-5.0258,-5.3539,-6.0287,-6.2598
-4.947,-5.2333,-5.2315,-5.5851,-6.0585,-6.4967
-4.3141,-4.5147,-5.1656,-5.6407,-5.4991,-6.346
-4.5868,-5.0681,-4.8723,-5.3512,-5.182,-6.4863
-4.8024,-5.0198,-4.8807,-5.6853,-5.96,-6.5005
-5.0725,-5.1507,-5.3834,-5.3794,-6.0313,-6.5153
-5.8809,-5.6704,-5.2657,-5.6056,-5.7647,-6.2325
-5.936,-5.8283,-5.0171,-5.6178,-6.1081,-6.6926
-4.7439,-5.1492,-5.205,-5.2708,-4.7636,-6.1238
-4.7163,-4.8313,-5.2011,-5.5747,-5.0501,-6.1045
-4.3276,-4.6818,-5.1846,-5.5995,-5.7909,-6.6109
-4.8566,-4.745,-5.3194,-5.576,-6.0369,-6.5483
-4.6708,-4.5429,-5.4087,-5.3776,-5.5709,-6.4923
-4.8984,-4.8061,-5.5574,-5.5427,-5.9662,-6.4269
-5.1251,-5.2661,-5.1624,-5.2315,-5.818,-5.88
-4.3477,-4.5988,-5.4719,-5.6373,-5.7393,-5.857
-4.8816,-5.074,-5.6918,-5.3632,-5.8609,-5.8312
-5.2835,-4.9215,-5.6934,-5.3387,-5.6284,-5.7203
-5.7259,-5.5859,-4.6954,-5.3555,-5.9766,-5.52
-5.9531,-5.4519,-5.3145,-5.4356,-5.7944,-5.5425
-5.0521,-4.7627,-5.4614,-5.4957,-5.6504,-5.5109
-5.3422,-5.0602,-5.6141,-5.7376,-5.8166,-5.8391
-4.5329,-4.5268,-5.2034,-5.6446,-5.9791,-6.3615
-4.9722,-5.4142,-5.6224,-5.6029,-5.4365,-6.1346
-5.4835,-5.615,-5.3412,-5.4463,-5.8924,-6.3809
-5.7126,-5.4726,-5.3975,-5.3572,-5.3342,-4.5331
-6.1268,-5.8173,-5.3986,-5.4292,-5.7003,-5.8057
-5.3075,-5.0271,-5.7971,-5.6449,-5.8894,-5.7064
-4.4955,-5.0638,-5.1411,-4.8545,-5.9256,-5.8732
-5.7137,-5.5783,-5.1463,-5.6599,-6.1244,-6.6621
-5.826,-5.7889,-5.0928,-5.5209,-5.7243,-6.5941
-5.3122,-5.0691,-5.2433,-5.6672,-5.8758,-6.4894
-5.8112,-5.8039,-4.9098,-5.3922,-6.0254,-6.4014
-5.6128,-5.6209,-4.9351,-5.4068,-6.3955,-6.5273
-5.712,-5.6829,-5.0755,-4.9739,-5.8571,-6.296
-6.0057,-5.7962,-4.6966,-5.1914,-6.3032,-6.6267
-4.8121,-4.8909,-4.5966,-5.3717,-6.075,-6.2415
-6.1442,-5.524,-4.8284,-5.1853,-6.1507,-6.4787
-5.4271,-5.3044,-4.6292,-4.885,-6.1325,-4.4397
-4.5347,-4.852,-4.8797,-5.447,-5.489,-6.2504
-4.7034,-4.6865,-4.7549,-5.0237,-5.9689,-6.2132
-4.2952,-4.4811,-4.8035,-5.0737,-5.2997,-5.5069
-4.5923,-4.4899,-4.8156,-4.8802,-5.1203,-5.1233
-5.2542,-5.0791,-4.6717,-4.7478,-4.1977,-4.0276
-4.3746,-4.8599,-5.6333,-5.5159,-5.6873,-6.3911
-5.7273,-5.5825,-5.1786,-5.4258,-5.9138,-6.406
-4.9737,-4.8084,-5.3071,-5.2125,-4.3515,-5.673
-6.0212,-5.7482,-5.3286,-5.9269,-5.9298,-6.5804
-4.5427,-4.5577,-4.8778,-5.7648,-5.9308,-6.4604
-4.6189,-5.1088,-5.4679,-5.8725,-5.4948,-6.2759
-4.213,-4.4045,-5.4093,-5.4989,-5.4011,-6.1764
-4.7319,-4.6972,-5.4624,-6.0683,-6.0197,-6.4605
-4.5846,-4.7892,-5.5389,-5.9718,-6.2513,-6.6941
-4.8879,-5.1627,-5.1459,-6.0553,-5.698,-6.5845
-5.776,-5.5043,-5.2072,-5.6912,-5.4109,-6.4172
-4.9582,-4.8271,-5.4062,-5.3961,-4.4527,-5.8265
-4.5648,-4.8964,-5.3968,-5.8852,-6.0546,-6.7194
-4.7662,-4.6846,-5.0668,-5.5979,-5.9077,-6.4033
-4.4129,-4.7056,-5.4616,-5.4213,-5.6642,-6.0158
