0.4357,-0.60585,1.8707,0.50878,-0.65618,0.22729
1.6176,1.0555,1.6681,-1.1614,1.6014,-1.7761
0.82354,-0.76109,-2.8902,1.3098,0.0054416,0.25072
0.021733,-0.24779,0.3887,0.071045,0.14178,-0.014373
0.99689,1.0816,0.087323,-0.77874,1.3932,0.20635
0.67419,0.23727,0.021734,-0.20754,0.32152,0.022208
0.96531,-4.7242,-0.87163,-0.10301,2.3308,0.2241
-4.8466,-3.7614,1.2423,-0.71171,-0.70073,0.13551
-0.039079,0.036287,-0.14818,-0.19961,0.14135,0.016215
-2.6697,2.2578,0.98401,0.69288,0.64477,-0.12198
-0.74147,1.7853,1.4066,-0.88184,-0.77572,-0.31964
0.29488,-0.23144,-0.026826,-3.2501,-1.2633,-0.25296
0.10307,1.9144,-4.2038,1.5018,1.0088,-0.23985
0.51242,0.96645,0.58446,0.43324,-1.3738,0.26064
0.75591,-1.5005,2.6776,-1.037,0.53327,0.15946
-0.21227,0.75383,-3.2563,-1.2592,-0.2737,-0.046177
-0.25086,0.063505,2.5546,-0.29867,-0.39565,0.26189
0.10227,-0.56669,-0.31708,8.4023,-0.35373,-1.3144
-0.03285,0.13352,-3.3614,-1.7971,0.18475,-0.054418
0.098634,-0.068935,2.5191,3.7268,-0.13917,0.084168
0.0016071,-0.80651,1.7832,-0.38434,3.1996,-0.97469
0.57036,0.58817,0.45304,-0.17701,1.5338,0.27426
1.3795,0.79411,-0.49971,-0.62308,1.3429,-0.6854
0.29447,-1.1428,-1.788,-2.7229,-0.24002,8.2806
-0.22547,0.11857,0.33175,0.22195,1.5166,0.030534
0.2708,0.014383,-1.7432,-4.0921,-1.1078,-0.27537
0.086463,0.28559,1.2123,-0.83634,1.29,-0.74264
-0.68058,1.4025,2.5461,3.301,-9.0906,-1.7859
-0.60035,0.47414,-3.6647,-0.31933,-0.50569,-0.67315
0.045206,0.27127,0.54481,-0.10074,1.2021,-0.74508
-0.083265,0.059834,0.60859,0.22455,-0.19794,-0.098194
