-6.1806,-5.8009,-5.6539,-5.4301,-5.7887,-5.7385
-5.5457,-5.5288,-5.8599,-5.8694,-5.3943,-5.4955
-6.3125,-5.649,-5.8044,-5.3437,-5.496,-5.3158
-5.8531,-5.8603,-5.7624,-5.7552,-5.5963,-4.8236
-5.7683,-5.7742,-5.7906,-5.2474,-4.7596,-4.6036
-6.1492,-5.7273,-5.4585,-5.426,-5.855,-6.5245
-5.9757,-5.5681,-5.6683,-5.8285,-5.2235,-4.707
-5.9605,-5.6204,-5.844,-5.2731,-5.7351,-6.4327
-5.9691,-5.8564,-5.7228,-5.5688,-5.8972,-6.2978
-5.6131,-5.5095,-5.6108,-4.8511,-4.6068,-4.1375
-6.2333,-5.8295,-5.4669,-5.8036,-5.7354,-5.7068
-5.9864,-5.9863,-5.6061,-5.8543,-5.38,-5.644
-6.0661,-5.887,-5.499,-5.5378,-5.4195,-5.5939
-6.2136,-6.036,-5.7169,-5.7188,-5.5853,-5.8141
-5.8898,-5.8333,-5.6444,-4.8336,-5.3123,-5.5495
-6.342,-5.6868,-5.6674,-5.7333,-5.9225,-6.3363
-6.035,-5.9285,-5.7567,-5.7159,-5.0935,-4.8256
-6.1817,-5.663,-5.5269,-5.3917,-5.3643,-5.1695
-5.968,-6.1664,-5.5157,-5.7548,-5.6519,-5.3695
-6.1077,-5.6986,-5.4938,-5.5232,-4.9456,-4.1073
-5.8508,-5.6978,-5.4759,-5.3355,-5.3665,-5.7045
-5.8073,-5.8679,-5.6903,-5.6581,-5.2547,-4.8869
-6.2463,-5.8451,-5.552,-5.6445,-5.6248,-5.3331
-6.2345,-5.8065,-5.8248,-5.3056,-5.6492,-6.1952
-6.0946,-6.0828,-5.5791,-5.6243,-5.8539,-6.2616
-6.2516,-5.8317,-5.7172,-5.5283,-5.3999,-4.9335
-6.2804,-5.8486,-5.5112,-5.5019,-5.8043,-6.4592
-6.224,-5.8884,-5.8858,-5.7216,-5.5983,-6.3146
-5.983,-5.7764,-5.6757,-5.5982,-5.0808,-4.5775
-6.3777,-5.8858,-5.458,-5.2833,-5.2983,-5.217
-6.1697,-5.8946,-5.6228,-5.8647,-5.6991,-5.1328
-6.5464,-6.3176,-5.5335,-5.5357,-5.7057,-6.3536
-6.2585,-6.1448,-5.7044,-5.6212,-5.8438,-6.3079
-6.1363,-5.8394,-5.7378,-5.6003,-5.6819,-5.8185
-6.1622,-5.8555,-5.7539,-5.6518,-5.647,-6.1959
-6.3034,-5.8798,-5.7471,-5.3826,-5.1731,-5.1891
-6.1884,-6.0793,-5.6995,-5.7201,-5.3895,-3.9087
-6.2577,-6.0145,-5.7053,-5.5701,-5.2297,-5.1814
-5.978,-5.9657,-5.4118,-5.1907,-5.538,-5.1581
-6.2219,-5.8407,-5.7508,-5.6121,-5.3569,-5.4371
-5.9901,-5.9132,-5.8016,-5.1246,-5.4124,-5.3912
-6.0044,-5.7488,-5.5765,-5.7324,-5.5067,-4.8636
-6.0398,-6.0049,-5.6598,-5.8685,-5.6869,-5.1743
-6.3362,-5.844,-5.5564,-5.9135,-5.6582,-6.116
-6.1982,-5.6748,-5.6536,-5.5732,-5.6014,-5.4681
-5.974,-5.8242,-5.7925,-5.2053,-5.7494,-6.1716
-6.125,-6.0554,-5.9588,-5.8484,-5.9065,-5.3846
-6.2841,-5.8839,-5.8189,-5.9769,-5.5481,-5.2756
-5.9586,-6.0356,-6.0625,-5.8587,-5.1178,-4.8117
-6.0039,-5.8612,-5.8654,-5.7288,-5.1619,-4.8629
-6.3356,-5.9941,-5.9388,-5.5998,-5.3147,-4.8277
-6.3154,-5.9864,-6.1495,-5.6858,-6.0019,-6.4194
-6.6152,-6.1026,-5.791,-5.7229,-5.8063,-6.2982
-6.2821,-5.8579,-5.6468,-5.7104,-6.045,-6.1711
-6.1594,-6.0791,-5.8075,-5.8031,-5.7665,-5.703
-5.7205,-5.1877,-5.7704,-5.3548,-5.5129,-6.0693
-5.9891,-5.9258,-5.6051,-6.0051,-5.5445,-5.2759
-6.2499,-5.8792,-5.882,-4.6044,-5.6993,-5.183
-6.357,-5.9553,-5.826,-5.7904,-5.7238,-5.6585
-5.9714,-6.1373,-5.6679,-5.7515,-4.9127,-4.098
