-6.193,-5.9255,-5.7272,-5.5848,-5.5667,-6.0314
-4.7584,-5.0584,-5.7948,-5.7544,-5.8448,-6.021
-6.0487,-5.8757,-5.7781,-5.645,-5.9194,-6.3672
-5.9825,-5.8584,-5.8111,-5.5114,-5.9482,-5.9888
-4.4997,-4.3229,-5.5857,-5.3276,-5.3615,-5.945
-5.7437,-5.2393,-5.2676,-5.5379,-5.6739,-6.0615
-5.9477,-6.0723,-5.3052,-5.9929,-5.9523,-6.4363
-5.7959,-5.7175,-5.5315,-5.731,-5.8044,-6.5352
-5.4105,-5.344,-5.4544,-5.6467,-5.6559,-6.3953
-5.2251,-5.4882,-5.5659,-5.3158,-5.5658,-6.2382
-5.5536,-5.4598,-5.2696,-5.5309,-5.7368,-5.9771
-5.9333,-5.7569,-5.4293,-5.6248,-5.5583,-6.1372
-5.246,-5.1165,-5.3141,-5.7416,-5.8098,-6.089
-6.0203,-5.5943,-5.3778,-5.6367,-5.416,-5.6658
-6.0803,-5.6301,-5.3537,-5.5455,-5.848,-6.3059
-6.1179,-5.7734,-5.3837,-5.7932,-5.7243,-6.3666
-5.4791,-5.8499,-5.1155,-5.6017,-5.6633,-6.1818
-4.9862,-5.1736,-5.3626,-5.698,-5.2594,-6.1203
-4.8503,-4.9366,-5.2141,-5.5033,-5.5382,-5.5815
-5.2698,-5.6835,-5.375,-5.9409,-5.9583,-6.2869
-4.5242,-4.9874,-5.6117,-5.7674,-5.7193,-6.2059
-4.4705,-4.7302,-5.4222,-5.7754,-5.5976,-6.0463
-5.348,-5.6275,-5.5157,-5.7542,-5.7863,-6.6316
-4.9131,-5.5609,-5.5722,-5.6374,-5.61,-6.4528
-5.2709,-5.3553,-5.5312,-5.88,-5.8565,-6.6124
-5.1416,-5.08,-5.2689,-5.7662,-6.0239,-6.4783
-5.7187,-5.5888,-5.6247,-5.728,-5.6969,-6.3176
-6.3341,-5.8647,-5.3747,-5.8444,-5.8425,-6.4087
-6.1456,-5.8855,-5.5579,-5.8344,-5.7653,-6.5443
-5.1305,-5.2582,-5.3527,-5.4909,-5.6703,-6.6812
-5.0974,-5.2735,-5.3247,-5.6871,-5.9124,-6.1854
-6.2075,-5.8283,-5.5437,-5.742,-6.0506,-6.4313
-5.3404,-5.5018,-5.602,-5.6452,-6.1479,-6.7139
-5.4696,-5.6896,-5.4871,-5.8691,-6.1568,-6.4645
-4.5851,-4.7292,-5.3699,-5.6521,-5.6656,-6.0236
-5.2826,-5.4238,-5.478,-5.8906,-5.8727,-6.2493
-4.7795,-5.1798,-5.6187,-5.8118,-5.8083,-6.1819
-5.3232,-5.7265,-5.6321,-6.0439,-5.8594,-6.438
-5.0458,-5.5028,-5.462,-5.6787,-5.7716,-6.4199
-4.6192,-4.9267,-5.4346,-5.489,-5.9449,-6.2747
-5.8961,-5.7129,-5.7277,-5.9472,-5.6759,-6.5657
-5.3555,-5.2397,-5.576,-5.8768,-5.555,-6.1299
-5.8347,-5.5866,-5.531,-5.6058,-5.6524,-6.2445
-6.0138,-5.7992,-5.3986,-5.7844,-5.8974,-6.5005
-5.8669,-5.6976,-5.5989,-5.837,-6.1294,-6.4743
-6.3263,-5.8962,-5.7699,-5.5554,-5.9743,-6.2311
-5.1297,-5.4244,-5.8666,-5.9061,-5.8106,-6.0396
-4.9144,-5.0379,-5.7321,-5.9559,-5.9971,-6.1948
-5.1659,-5.3971,-5.8237,-5.7114,-5.7483,-5.763
-5.076,-5.5469,-5.7057,-5.6986,-5.8345,-5.8375
-6.1019,-5.8576,-5.707,-5.5987,-5.7328,-6.3289
-5.2607,-5.2494,-5.8582,-5.1359,-5.6878,-6.1175
-6.1714,-5.9762,-5.5796,-5.6747,-5.9438,-6.4287
-4.9878,-5.3251,-5.5807,-5.6521,-6.0278,-6.109
-4.631,-5.3079,-5.729,-5.7671,-5.7366,-5.6151
-4.1741,-4.7569,-5.6343,-5.8653,-6.1423,-6.2825
-6.031,-5.6634,-5.6467,-5.4143,-5.9303,-6.1843
-6.1976,-5.9287,-5.6352,-5.7365,-5.6451,-6.3343
-4.9331,-5.4612,-5.6675,-5.7732,-5.7531,-6.4266
-4.8716,-5.5324,-5.4083,-5.8753,-6.0194,-6.4841
